[[(1, 1, 1, 1, 1), 120], [(2, 1, 1, 1), 60], [(2, 2, 1), 30], [(3, 1, 1), 20], [(3, 2), 10], [(4, 1), 5], [(5,), 1]]
[[(1, 1, 1, 1, 1), 120], [(2, 1, 1, 1), 54], [(2, 2, 1), 24], [(3, 1, 1), 14], [(3, 2), 6], [(4, 1), 2]]
[[(1, 1, 1, 1, 1), 120], [(2, 1, 1, 1), 48], [(2, 2, 1), 18], [(3, 1, 1), 10], [(3, 2), 3], [(4, 1), 1]]
[[(1, 1, 1, 1, 1), 120], [(2, 1, 1, 1), 42], [(2, 2, 1), 12], [(3, 1, 1), 8], [(3, 2), 1], [(4, 1), 1]]
[[(1, 1, 1, 1, 1), 120], [(2, 1, 1, 1), 36], [(2, 2, 1), 6], [(3, 1, 1), 8], [(4, 1), 1]]
[[(1, 1, 1, 1, 1), 120], [(2, 1, 1, 1), 42], [(2, 2, 1), 12], [(3, 1, 1), 6]]
[[(1, 1, 1, 1, 1), 120], [(2, 1, 1, 1), 48], [(2, 2, 1), 20], [(3, 1, 1), 8], [(3, 2), 4]]
[[(1, 1, 1, 1, 1), 120], [(2, 1, 1, 1), 42], [(2, 2, 1), 14], [(3, 1, 1), 6], [(3, 2), 2]]
[[(1, 1, 1, 1, 1), 120], [(2, 1, 1, 1), 36], [(2, 2, 1), 8], [(3, 1, 1), 4]]
[[(1, 1, 1, 1, 1), 120], [(2, 1, 1, 1), 42], [(2, 2, 1), 16], [(3, 1, 1), 4], [(3, 2), 2]]
[[(1, 1, 1, 1, 1), 120], [(2, 1, 1, 1), 36], [(2, 2, 1), 10], [(3, 1, 1), 4], [(3, 2), 1]]
[[(1, 1, 1, 1, 1), 120], [(2, 1, 1, 1), 30], [(2, 2, 1), 4], [(3, 1, 1), 4]]
[[(1, 1, 1, 1, 1), 120], [(2, 1, 1, 1), 36], [(2, 2, 1), 10], [(3, 1, 1), 4], [(3, 2), 2]]
[[(1, 1, 1, 1, 1), 120], [(2, 1, 1, 1), 30], [(2, 2, 1), 4], [(3, 1, 1), 2]]
[[(1, 1, 1, 1, 1), 120], [(2, 1, 1, 1), 36], [(2, 2, 1), 12], [(3, 1, 1), 2], [(3, 2), 1]]
[[(1, 1, 1, 1, 1), 120], [(2, 1, 1, 1), 30], [(2, 2, 1), 6], [(3, 1, 1), 2]]
[[(1, 1, 1, 1, 1), 120], [(2, 1, 1, 1), 30], [(2, 2, 1), 8], [(3, 1, 1), 2], [(3, 2), 1]]
[[(1, 1, 1, 1, 1), 120], [(2, 1, 1, 1), 24], [(2, 2, 1), 2], [(3, 1, 1), 2]]
[[(1, 1, 1, 1, 1), 120], [(2, 1, 1, 1), 24], [(2, 2, 1), 6], [(3, 1, 1), 2], [(3, 2), 1]]
[[(1, 1, 1, 1, 1), 120], [(2, 1, 1, 1), 18], [(3, 1, 1), 2]]
[[(1, 1, 1, 1, 1), 120], [(2, 1, 1, 1), 24]]
[[(1, 1, 1, 1, 1), 120], [(2, 1, 1, 1), 36], [(2, 2, 1), 12]]
[[(1, 1, 1, 1, 1), 120], [(2, 1, 1, 1), 30], [(2, 2, 1), 8]]
[[(1, 1, 1, 1, 1), 120], [(2, 1, 1, 1), 24], [(2, 2, 1), 4]]
[[(1, 1, 1, 1, 1), 120], [(2, 1, 1, 1), 18]]
[[(1, 1, 1, 1, 1), 120], [(2, 1, 1, 1), 24], [(2, 2, 1), 4]]
[[(1, 1, 1, 1, 1), 120], [(2, 1, 1, 1), 30], [(2, 2, 1), 10]]
[[(1, 1, 1, 1, 1), 120], [(2, 1, 1, 1), 24], [(2, 2, 1), 6]]
[[(1, 1, 1, 1, 1), 120], [(2, 1, 1, 1), 18], [(2, 2, 1), 2]]
[[(1, 1, 1, 1, 1), 120], [(2, 1, 1, 1), 18], [(2, 2, 1), 4]]
[[(1, 1, 1, 1, 1), 120], [(2, 1, 1, 1), 12]]
[[(1, 1, 1, 1, 1), 120], [(2, 1, 1, 1), 12], [(2, 2, 1), 2]]
[[(1, 1, 1, 1, 1), 120], [(2, 1, 1, 1), 6]]
[[(1, 1, 1, 1, 1), 120]]
