[[(1, 1, 1, 1, 1, 1), 720], [(2, 1, 1, 1, 1), 360], [(2, 2, 1, 1), 180], [(2, 2, 2), 90], [(3, 1, 1, 1), 120], [(3, 2, 1), 60], [(3, 3), 20], [(4, 1, 1), 30], [(4, 2), 15], [(5, 1), 6], [(6,), 1]]
[[(1, 1, 1, 1, 1, 1), 720], [(2, 1, 1, 1, 1), 336], [(2, 2, 1, 1), 156], [(2, 2, 2), 72], [(3, 1, 1, 1), 96], [(3, 2, 1), 44], [(3, 3), 12], [(4, 1, 1), 18], [(4, 2), 8], [(5, 1), 2]]
[[(1, 1, 1, 1, 1, 1), 720], [(2, 1, 1, 1, 1), 312], [(2, 2, 1, 1), 132], [(2, 2, 2), 54], [(3, 1, 1, 1), 78], [(3, 2, 1), 31], [(3, 3), 6], [(4, 1, 1), 12], [(4, 2), 4], [(5, 1), 1]]
[[(1, 1, 1, 1, 1, 1), 720], [(2, 1, 1, 1, 1), 288], [(2, 2, 1, 1), 108], [(2, 2, 2), 36], [(3, 1, 1, 1), 66], [(3, 2, 1), 21], [(3, 3), 2], [(4, 1, 1), 10], [(4, 2), 2], [(5, 1), 1]]
[[(1, 1, 1, 1, 1, 1), 720], [(2, 1, 1, 1, 1), 264], [(2, 2, 1, 1), 84], [(2, 2, 2), 18], [(3, 1, 1, 1), 60], [(3, 2, 1), 14], [(4, 1, 1), 10], [(4, 2), 1], [(5, 1), 1]]
[[(1, 1, 1, 1, 1, 1), 720], [(2, 1, 1, 1, 1), 240], [(2, 2, 1, 1), 60], [(3, 1, 1, 1), 60], [(3, 2, 1), 10], [(4, 1, 1), 10], [(5, 1), 1]]
[[(1, 1, 1, 1, 1, 1), 720], [(2, 1, 1, 1, 1), 288], [(2, 2, 1, 1), 108], [(2, 2, 2), 36], [(3, 1, 1, 1), 60], [(3, 2, 1), 18], [(4, 1, 1), 6]]
[[(1, 1, 1, 1, 1, 1), 720], [(2, 1, 1, 1, 1), 312], [(2, 2, 1, 1), 136], [(2, 2, 2), 60], [(3, 1, 1, 1), 72], [(3, 2, 1), 32], [(3, 3), 8], [(4, 1, 1), 8], [(4, 2), 4]]
[[(1, 1, 1, 1, 1, 1), 720], [(2, 1, 1, 1, 1), 288], [(2, 2, 1, 1), 112], [(2, 2, 2), 42], [(3, 1, 1, 1), 60], [(3, 2, 1), 22], [(3, 3), 4], [(4, 1, 1), 6], [(4, 2), 2]]
[[(1, 1, 1, 1, 1, 1), 720], [(2, 1, 1, 1, 1), 264], [(2, 2, 1, 1), 88], [(2, 2, 2), 24], [(3, 1, 1, 1), 48], [(3, 2, 1), 12], [(4, 1, 1), 4]]
[[(1, 1, 1, 1, 1, 1), 720], [(2, 1, 1, 1, 1), 288], [(2, 2, 1, 1), 116], [(2, 2, 2), 48], [(3, 1, 1, 1), 54], [(3, 2, 1), 22], [(3, 3), 4], [(4, 1, 1), 4], [(4, 2), 2]]
[[(1, 1, 1, 1, 1, 1), 720], [(2, 1, 1, 1, 1), 264], [(2, 2, 1, 1), 92], [(2, 2, 2), 30], [(3, 1, 1, 1), 48], [(3, 2, 1), 15], [(3, 3), 2], [(4, 1, 1), 4], [(4, 2), 1]]
[[(1, 1, 1, 1, 1, 1), 720], [(2, 1, 1, 1, 1), 240], [(2, 2, 1, 1), 68], [(2, 2, 2), 12], [(3, 1, 1, 1), 42], [(3, 2, 1), 8], [(4, 1, 1), 4]]
[[(1, 1, 1, 1, 1, 1), 720], [(2, 1, 1, 1, 1), 264], [(2, 2, 1, 1), 96], [(2, 2, 2), 36], [(3, 1, 1, 1), 42], [(3, 2, 1), 14], [(4, 1, 1), 4], [(4, 2), 2]]
[[(1, 1, 1, 1, 1, 1), 720], [(2, 1, 1, 1, 1), 240], [(2, 2, 1, 1), 72], [(2, 2, 2), 18], [(3, 1, 1, 1), 42], [(3, 2, 1), 10], [(4, 1, 1), 4], [(4, 2), 1]]
[[(1, 1, 1, 1, 1, 1), 720], [(2, 1, 1, 1, 1), 216], [(2, 2, 1, 1), 48], [(3, 1, 1, 1), 42], [(3, 2, 1), 6], [(4, 1, 1), 4]]
[[(1, 1, 1, 1, 1, 1), 720], [(2, 1, 1, 1, 1), 264], [(2, 2, 1, 1), 92], [(2, 2, 2), 30], [(3, 1, 1, 1), 48], [(3, 2, 1), 16], [(3, 3), 4], [(4, 1, 1), 4], [(4, 2), 2]]
[[(1, 1, 1, 1, 1, 1), 720], [(2, 1, 1, 1, 1), 240], [(2, 2, 1, 1), 68], [(2, 2, 2), 12], [(3, 1, 1, 1), 36], [(3, 2, 1), 6], [(4, 1, 1), 2]]
[[(1, 1, 1, 1, 1, 1), 720], [(2, 1, 1, 1, 1), 264], [(2, 2, 1, 1), 96], [(2, 2, 2), 36], [(3, 1, 1, 1), 42], [(3, 2, 1), 15], [(3, 3), 2], [(4, 1, 1), 2], [(4, 2), 1]]
[[(1, 1, 1, 1, 1, 1), 720], [(2, 1, 1, 1, 1), 240], [(2, 2, 1, 1), 72], [(2, 2, 2), 18], [(3, 1, 1, 1), 36], [(3, 2, 1), 8], [(4, 1, 1), 2]]
[[(1, 1, 1, 1, 1, 1), 720], [(2, 1, 1, 1, 1), 240], [(2, 2, 1, 1), 76], [(2, 2, 2), 24], [(3, 1, 1, 1), 36], [(3, 2, 1), 11], [(3, 3), 2], [(4, 1, 1), 2], [(4, 2), 1]]
[[(1, 1, 1, 1, 1, 1), 720], [(2, 1, 1, 1, 1), 216], [(2, 2, 1, 1), 52], [(2, 2, 2), 6], [(3, 1, 1, 1), 30], [(3, 2, 1), 4], [(4, 1, 1), 2]]
[[(1, 1, 1, 1, 1, 1), 720], [(2, 1, 1, 1, 1), 264], [(2, 2, 1, 1), 100], [(2, 2, 2), 42], [(3, 1, 1, 1), 36], [(3, 2, 1), 14], [(3, 3), 2], [(4, 1, 1), 2], [(4, 2), 1]]
[[(1, 1, 1, 1, 1, 1), 720], [(2, 1, 1, 1, 1), 240], [(2, 2, 1, 1), 76], [(2, 2, 2), 24], [(3, 1, 1, 1), 36], [(3, 2, 1), 10], [(3, 3), 2], [(4, 1, 1), 2]]
[[(1, 1, 1, 1, 1, 1), 720], [(2, 1, 1, 1, 1), 240], [(2, 2, 1, 1), 80], [(2, 2, 2), 30], [(3, 1, 1, 1), 30], [(3, 2, 1), 9], [(4, 1, 1), 2], [(4, 2), 1]]
[[(1, 1, 1, 1, 1, 1), 720], [(2, 1, 1, 1, 1), 216], [(2, 2, 1, 1), 56], [(2, 2, 2), 12], [(3, 1, 1, 1), 30], [(3, 2, 1), 5], [(4, 1, 1), 2]]
[[(1, 1, 1, 1, 1, 1), 720], [(2, 1, 1, 1, 1), 216], [(2, 2, 1, 1), 60], [(2, 2, 2), 18], [(3, 1, 1, 1), 30], [(3, 2, 1), 7], [(4, 1, 1), 2], [(4, 2), 1]]
[[(1, 1, 1, 1, 1, 1), 720], [(2, 1, 1, 1, 1), 192], [(2, 2, 1, 1), 36], [(3, 1, 1, 1), 30], [(3, 2, 1), 3], [(4, 1, 1), 2]]
[[(1, 1, 1, 1, 1, 1), 720], [(2, 1, 1, 1, 1), 216], [(2, 2, 1, 1), 60], [(2, 2, 2), 18], [(3, 1, 1, 1), 30], [(3, 2, 1), 9], [(3, 3), 2], [(4, 1, 1), 2], [(4, 2), 1]]
[[(1, 1, 1, 1, 1, 1), 720], [(2, 1, 1, 1, 1), 192], [(2, 2, 1, 1), 36], [(3, 1, 1, 1), 24], [(3, 2, 1), 2], [(4, 1, 1), 2]]
[[(1, 1, 1, 1, 1, 1), 720], [(2, 1, 1, 1, 1), 216], [(2, 2, 1, 1), 64], [(2, 2, 2), 24], [(3, 1, 1, 1), 24], [(3, 2, 1), 6], [(4, 1, 1), 2], [(4, 2), 1]]
[[(1, 1, 1, 1, 1, 1), 720], [(2, 1, 1, 1, 1), 192], [(2, 2, 1, 1), 40], [(2, 2, 2), 6], [(3, 1, 1, 1), 24], [(3, 2, 1), 2], [(4, 1, 1), 2]]
[[(1, 1, 1, 1, 1, 1), 720], [(2, 1, 1, 1, 1), 192], [(2, 2, 1, 1), 48], [(2, 2, 2), 18], [(3, 1, 1, 1), 24], [(3, 2, 1), 5], [(4, 1, 1), 2], [(4, 2), 1]]
[[(1, 1, 1, 1, 1, 1), 720], [(2, 1, 1, 1, 1), 168], [(2, 2, 1, 1), 24], [(3, 1, 1, 1), 24], [(3, 2, 1), 1], [(4, 1, 1), 2]]
[[(1, 1, 1, 1, 1, 1), 720], [(2, 1, 1, 1, 1), 168], [(2, 2, 1, 1), 36], [(2, 2, 2), 18], [(3, 1, 1, 1), 24], [(3, 2, 1), 4], [(4, 1, 1), 2], [(4, 2), 1]]
[[(1, 1, 1, 1, 1, 1), 720], [(2, 1, 1, 1, 1), 144], [(2, 2, 1, 1), 12], [(3, 1, 1, 1), 24], [(4, 1, 1), 2]]
[[(1, 1, 1, 1, 1, 1), 720], [(2, 1, 1, 1, 1), 216], [(2, 2, 1, 1), 48], [(3, 1, 1, 1), 24]]
[[(1, 1, 1, 1, 1, 1), 720], [(2, 1, 1, 1, 1), 264], [(2, 2, 1, 1), 96], [(2, 2, 2), 36], [(3, 1, 1, 1), 36], [(3, 2, 1), 12]]
[[(1, 1, 1, 1, 1, 1), 720], [(2, 1, 1, 1, 1), 240], [(2, 2, 1, 1), 76], [(2, 2, 2), 24], [(3, 1, 1, 1), 30], [(3, 2, 1), 8]]
[[(1, 1, 1, 1, 1, 1), 720], [(2, 1, 1, 1, 1), 216], [(2, 2, 1, 1), 56], [(2, 2, 2), 12], [(3, 1, 1, 1), 24], [(3, 2, 1), 4]]
[[(1, 1, 1, 1, 1, 1), 720], [(2, 1, 1, 1, 1), 192], [(2, 2, 1, 1), 36], [(3, 1, 1, 1), 18]]
[[(1, 1, 1, 1, 1, 1), 720], [(2, 1, 1, 1, 1), 240], [(2, 2, 1, 1), 84], [(2, 2, 2), 36], [(3, 1, 1, 1), 18], [(3, 2, 1), 6]]
[[(1, 1, 1, 1, 1, 1), 720], [(2, 1, 1, 1, 1), 216], [(2, 2, 1, 1), 64], [(2, 2, 2), 24], [(3, 1, 1, 1), 18], [(3, 2, 1), 4]]
[[(1, 1, 1, 1, 1, 1), 720], [(2, 1, 1, 1, 1), 192], [(2, 2, 1, 1), 44], [(2, 2, 2), 12], [(3, 1, 1, 1), 18], [(3, 2, 1), 2]]
[[(1, 1, 1, 1, 1, 1), 720], [(2, 1, 1, 1, 1), 168], [(2, 2, 1, 1), 24], [(3, 1, 1, 1), 18]]
[[(1, 1, 1, 1, 1, 1), 720], [(2, 1, 1, 1, 1), 216], [(2, 2, 1, 1), 56], [(2, 2, 2), 12], [(3, 1, 1, 1), 24], [(3, 2, 1), 4]]
[[(1, 1, 1, 1, 1, 1), 720], [(2, 1, 1, 1, 1), 288], [(2, 2, 1, 1), 120], [(2, 2, 2), 48], [(3, 1, 1, 1), 48], [(3, 2, 1), 24], [(3, 3), 8]]
[[(1, 1, 1, 1, 1, 1), 720], [(2, 1, 1, 1, 1), 264], [(2, 2, 1, 1), 100], [(2, 2, 2), 36], [(3, 1, 1, 1), 36], [(3, 2, 1), 16], [(3, 3), 4]]
[[(1, 1, 1, 1, 1, 1), 720], [(2, 1, 1, 1, 1), 240], [(2, 2, 1, 1), 80], [(2, 2, 2), 24], [(3, 1, 1, 1), 30], [(3, 2, 1), 11], [(3, 3), 2]]
[[(1, 1, 1, 1, 1, 1), 720], [(2, 1, 1, 1, 1), 240], [(2, 2, 1, 1), 80], [(2, 2, 2), 24], [(3, 1, 1, 1), 24], [(3, 2, 1), 8]]
[[(1, 1, 1, 1, 1, 1), 720], [(2, 1, 1, 1, 1), 216], [(2, 2, 1, 1), 60], [(2, 2, 2), 12], [(3, 1, 1, 1), 24], [(3, 2, 1), 6]]
[[(1, 1, 1, 1, 1, 1), 720], [(2, 1, 1, 1, 1), 192], [(2, 2, 1, 1), 40], [(3, 1, 1, 1), 24], [(3, 2, 1), 4]]
[[(1, 1, 1, 1, 1, 1), 720], [(2, 1, 1, 1, 1), 240], [(2, 2, 1, 1), 80], [(2, 2, 2), 30], [(3, 1, 1, 1), 30], [(3, 2, 1), 10]]
[[(1, 1, 1, 1, 1, 1), 720], [(2, 1, 1, 1, 1), 216], [(2, 2, 1, 1), 60], [(2, 2, 2), 18], [(3, 1, 1, 1), 24], [(3, 2, 1), 6]]
[[(1, 1, 1, 1, 1, 1), 720], [(2, 1, 1, 1, 1), 192], [(2, 2, 1, 1), 40], [(2, 2, 2), 6], [(3, 1, 1, 1), 18], [(3, 2, 1), 2]]
[[(1, 1, 1, 1, 1, 1), 720], [(2, 1, 1, 1, 1), 216], [(2, 2, 1, 1), 60], [(2, 2, 2), 12], [(3, 1, 1, 1), 24], [(3, 2, 1), 6]]
[[(1, 1, 1, 1, 1, 1), 720], [(2, 1, 1, 1, 1), 240], [(2, 2, 1, 1), 84], [(2, 2, 2), 30], [(3, 1, 1, 1), 24], [(3, 2, 1), 10], [(3, 3), 2]]
[[(1, 1, 1, 1, 1, 1), 720], [(2, 1, 1, 1, 1), 216], [(2, 2, 1, 1), 64], [(2, 2, 2), 18], [(3, 1, 1, 1), 24], [(3, 2, 1), 8], [(3, 3), 2]]
[[(1, 1, 1, 1, 1, 1), 720], [(2, 1, 1, 1, 1), 216], [(2, 2, 1, 1), 64], [(2, 2, 2), 18], [(3, 1, 1, 1), 18], [(3, 2, 1), 5]]
[[(1, 1, 1, 1, 1, 1), 720], [(2, 1, 1, 1, 1), 192], [(2, 2, 1, 1), 44], [(2, 2, 2), 6], [(3, 1, 1, 1), 18], [(3, 2, 1), 3]]
[[(1, 1, 1, 1, 1, 1), 720], [(2, 1, 1, 1, 1), 216], [(2, 2, 1, 1), 68], [(2, 2, 2), 24], [(3, 1, 1, 1), 18], [(3, 2, 1), 6]]
[[(1, 1, 1, 1, 1, 1), 720], [(2, 1, 1, 1, 1), 192], [(2, 2, 1, 1), 48], [(2, 2, 2), 12], [(3, 1, 1, 1), 18], [(3, 2, 1), 4]]
[[(1, 1, 1, 1, 1, 1), 720], [(2, 1, 1, 1, 1), 168], [(2, 2, 1, 1), 28], [(3, 1, 1, 1), 18], [(3, 2, 1), 2]]
[[(1, 1, 1, 1, 1, 1), 720], [(2, 1, 1, 1, 1), 192], [(2, 2, 1, 1), 44], [(2, 2, 2), 12], [(3, 1, 1, 1), 18], [(3, 2, 1), 4]]
[[(1, 1, 1, 1, 1, 1), 720], [(2, 1, 1, 1, 1), 168], [(2, 2, 1, 1), 24], [(3, 1, 1, 1), 12]]
[[(1, 1, 1, 1, 1, 1), 720], [(2, 1, 1, 1, 1), 192], [(2, 2, 1, 1), 48], [(2, 2, 2), 12], [(3, 1, 1, 1), 12], [(3, 2, 1), 2]]
[[(1, 1, 1, 1, 1, 1), 720], [(2, 1, 1, 1, 1), 168], [(2, 2, 1, 1), 28], [(3, 1, 1, 1), 12]]
[[(1, 1, 1, 1, 1, 1), 720], [(2, 1, 1, 1, 1), 216], [(2, 2, 1, 1), 68], [(2, 2, 2), 24], [(3, 1, 1, 1), 12], [(3, 2, 1), 4]]
[[(1, 1, 1, 1, 1, 1), 720], [(2, 1, 1, 1, 1), 192], [(2, 2, 1, 1), 48], [(2, 2, 2), 12], [(3, 1, 1, 1), 12], [(3, 2, 1), 2]]
[[(1, 1, 1, 1, 1, 1), 720], [(2, 1, 1, 1, 1), 192], [(2, 2, 1, 1), 52], [(2, 2, 2), 18], [(3, 1, 1, 1), 12], [(3, 2, 1), 3]]
[[(1, 1, 1, 1, 1, 1), 720], [(2, 1, 1, 1, 1), 168], [(2, 2, 1, 1), 32], [(2, 2, 2), 6], [(3, 1, 1, 1), 12], [(3, 2, 1), 1]]
[[(1, 1, 1, 1, 1, 1), 720], [(2, 1, 1, 1, 1), 168], [(2, 2, 1, 1), 36], [(2, 2, 2), 12], [(3, 1, 1, 1), 12], [(3, 2, 1), 2]]
[[(1, 1, 1, 1, 1, 1), 720], [(2, 1, 1, 1, 1), 144], [(2, 2, 1, 1), 16], [(3, 1, 1, 1), 12]]
[[(1, 1, 1, 1, 1, 1), 720], [(2, 1, 1, 1, 1), 240], [(2, 2, 1, 1), 84], [(2, 2, 2), 24], [(3, 1, 1, 1), 24], [(3, 2, 1), 12], [(3, 3), 4]]
[[(1, 1, 1, 1, 1, 1), 720], [(2, 1, 1, 1, 1), 216], [(2, 2, 1, 1), 64], [(2, 2, 2), 12], [(3, 1, 1, 1), 12], [(3, 2, 1), 4]]
[[(1, 1, 1, 1, 1, 1), 720], [(2, 1, 1, 1, 1), 216], [(2, 2, 1, 1), 68], [(2, 2, 2), 18], [(3, 1, 1, 1), 18], [(3, 2, 1), 8], [(3, 3), 2]]
[[(1, 1, 1, 1, 1, 1), 720], [(2, 1, 1, 1, 1), 192], [(2, 2, 1, 1), 48], [(2, 2, 2), 6], [(3, 1, 1, 1), 12], [(3, 2, 1), 3]]
[[(1, 1, 1, 1, 1, 1), 720], [(2, 1, 1, 1, 1), 192], [(2, 2, 1, 1), 52], [(2, 2, 2), 12], [(3, 1, 1, 1), 12], [(3, 2, 1), 4]]
[[(1, 1, 1, 1, 1, 1), 720], [(2, 1, 1, 1, 1), 168], [(2, 2, 1, 1), 32], [(3, 1, 1, 1), 12], [(3, 2, 1), 2]]
[[(1, 1, 1, 1, 1, 1), 720], [(2, 1, 1, 1, 1), 192], [(2, 2, 1, 1), 52], [(2, 2, 2), 12], [(3, 1, 1, 1), 18], [(3, 2, 1), 7], [(3, 3), 2]]
[[(1, 1, 1, 1, 1, 1), 720], [(2, 1, 1, 1, 1), 168], [(2, 2, 1, 1), 32], [(3, 1, 1, 1), 12], [(3, 2, 1), 2]]
[[(1, 1, 1, 1, 1, 1), 720], [(2, 1, 1, 1, 1), 192], [(2, 2, 1, 1), 56], [(2, 2, 2), 18], [(3, 1, 1, 1), 12], [(3, 2, 1), 4]]
[[(1, 1, 1, 1, 1, 1), 720], [(2, 1, 1, 1, 1), 168], [(2, 2, 1, 1), 36], [(2, 2, 2), 6], [(3, 1, 1, 1), 12], [(3, 2, 1), 2]]
[[(1, 1, 1, 1, 1, 1), 720], [(2, 1, 1, 1, 1), 168], [(2, 2, 1, 1), 40], [(2, 2, 2), 12], [(3, 1, 1, 1), 12], [(3, 2, 1), 3]]
[[(1, 1, 1, 1, 1, 1), 720], [(2, 1, 1, 1, 1), 144], [(2, 2, 1, 1), 20], [(3, 1, 1, 1), 12], [(3, 2, 1), 1]]
[[(1, 1, 1, 1, 1, 1), 720], [(2, 1, 1, 1, 1), 144], [(2, 2, 1, 1), 28], [(2, 2, 2), 12], [(3, 1, 1, 1), 12], [(3, 2, 1), 2]]
[[(1, 1, 1, 1, 1, 1), 720], [(2, 1, 1, 1, 1), 120], [(2, 2, 1, 1), 8], [(3, 1, 1, 1), 12]]
[[(1, 1, 1, 1, 1, 1), 720], [(2, 1, 1, 1, 1), 168], [(2, 2, 1, 1), 28], [(2, 2, 2), 6], [(3, 1, 1, 1), 12], [(3, 2, 1), 2]]
[[(1, 1, 1, 1, 1, 1), 720], [(2, 1, 1, 1, 1), 192], [(2, 2, 1, 1), 52], [(2, 2, 2), 12], [(3, 1, 1, 1), 12], [(3, 2, 1), 4]]
[[(1, 1, 1, 1, 1, 1), 720], [(2, 1, 1, 1, 1), 168], [(2, 2, 1, 1), 36], [(2, 2, 2), 6], [(3, 1, 1, 1), 12], [(3, 2, 1), 3]]
[[(1, 1, 1, 1, 1, 1), 720], [(2, 1, 1, 1, 1), 144], [(2, 2, 1, 1), 20], [(3, 1, 1, 1), 12], [(3, 2, 1), 2]]
[[(1, 1, 1, 1, 1, 1), 720], [(2, 1, 1, 1, 1), 144], [(2, 2, 1, 1), 12], [(3, 1, 1, 1), 6]]
[[(1, 1, 1, 1, 1, 1), 720], [(2, 1, 1, 1, 1), 192], [(2, 2, 1, 1), 52], [(2, 2, 2), 12], [(3, 1, 1, 1), 6], [(3, 2, 1), 2]]
[[(1, 1, 1, 1, 1, 1), 720], [(2, 1, 1, 1, 1), 168], [(2, 2, 1, 1), 36], [(2, 2, 2), 6], [(3, 1, 1, 1), 6], [(3, 2, 1), 1]]
[[(1, 1, 1, 1, 1, 1), 720], [(2, 1, 1, 1, 1), 144], [(2, 2, 1, 1), 20], [(3, 1, 1, 1), 6]]
[[(1, 1, 1, 1, 1, 1), 720], [(2, 1, 1, 1, 1), 168], [(2, 2, 1, 1), 40], [(2, 2, 2), 12], [(3, 1, 1, 1), 6], [(3, 2, 1), 2]]
[[(1, 1, 1, 1, 1, 1), 720], [(2, 1, 1, 1, 1), 144], [(2, 2, 1, 1), 24], [(2, 2, 2), 6], [(3, 1, 1, 1), 6], [(3, 2, 1), 1]]
[[(1, 1, 1, 1, 1, 1), 720], [(2, 1, 1, 1, 1), 120], [(2, 2, 1, 1), 8], [(3, 1, 1, 1), 6]]
[[(1, 1, 1, 1, 1, 1), 720], [(2, 1, 1, 1, 1), 216], [(2, 2, 1, 1), 72], [(2, 2, 2), 24], [(3, 1, 1, 1), 12], [(3, 2, 1), 6], [(3, 3), 2]]
[[(1, 1, 1, 1, 1, 1), 720], [(2, 1, 1, 1, 1), 192], [(2, 2, 1, 1), 56], [(2, 2, 2), 18], [(3, 1, 1, 1), 6], [(3, 2, 1), 2]]
[[(1, 1, 1, 1, 1, 1), 720], [(2, 1, 1, 1, 1), 168], [(2, 2, 1, 1), 40], [(2, 2, 2), 12], [(3, 1, 1, 1), 6], [(3, 2, 1), 1]]
[[(1, 1, 1, 1, 1, 1), 720], [(2, 1, 1, 1, 1), 192], [(2, 2, 1, 1), 56], [(2, 2, 2), 12], [(3, 1, 1, 1), 12], [(3, 2, 1), 6], [(3, 3), 2]]
[[(1, 1, 1, 1, 1, 1), 720], [(2, 1, 1, 1, 1), 168], [(2, 2, 1, 1), 40], [(2, 2, 2), 6], [(3, 1, 1, 1), 6], [(3, 2, 1), 2]]
[[(1, 1, 1, 1, 1, 1), 720], [(2, 1, 1, 1, 1), 144], [(2, 2, 1, 1), 24], [(3, 1, 1, 1), 6], [(3, 2, 1), 1]]
[[(1, 1, 1, 1, 1, 1), 720], [(2, 1, 1, 1, 1), 144], [(2, 2, 1, 1), 24], [(2, 2, 2), 6], [(3, 1, 1, 1), 6]]
[[(1, 1, 1, 1, 1, 1), 720], [(2, 1, 1, 1, 1), 168], [(2, 2, 1, 1), 44], [(2, 2, 2), 12], [(3, 1, 1, 1), 6], [(3, 2, 1), 2]]
[[(1, 1, 1, 1, 1, 1), 720], [(2, 1, 1, 1, 1), 144], [(2, 2, 1, 1), 28], [(2, 2, 2), 6], [(3, 1, 1, 1), 6], [(3, 2, 1), 1]]
[[(1, 1, 1, 1, 1, 1), 720], [(2, 1, 1, 1, 1), 120], [(2, 2, 1, 1), 12], [(3, 1, 1, 1), 6]]
[[(1, 1, 1, 1, 1, 1), 720], [(2, 1, 1, 1, 1), 168], [(2, 2, 1, 1), 44], [(2, 2, 2), 6], [(3, 1, 1, 1), 12], [(3, 2, 1), 6], [(3, 3), 2]]
[[(1, 1, 1, 1, 1, 1), 720], [(2, 1, 1, 1, 1), 144], [(2, 2, 1, 1), 28], [(3, 1, 1, 1), 6], [(3, 2, 1), 2]]
[[(1, 1, 1, 1, 1, 1), 720], [(2, 1, 1, 1, 1), 144], [(2, 2, 1, 1), 32], [(2, 2, 2), 6], [(3, 1, 1, 1), 6], [(3, 2, 1), 2]]
[[(1, 1, 1, 1, 1, 1), 720], [(2, 1, 1, 1, 1), 120], [(2, 2, 1, 1), 16], [(3, 1, 1, 1), 6], [(3, 2, 1), 1]]
[[(1, 1, 1, 1, 1, 1), 720], [(2, 1, 1, 1, 1), 120], [(2, 2, 1, 1), 20], [(2, 2, 2), 6], [(3, 1, 1, 1), 6], [(3, 2, 1), 1]]
[[(1, 1, 1, 1, 1, 1), 720], [(2, 1, 1, 1, 1), 96], [(2, 2, 1, 1), 4], [(3, 1, 1, 1), 6]]
[[(1, 1, 1, 1, 1, 1), 720], [(2, 1, 1, 1, 1), 144], [(2, 2, 1, 1), 36], [(3, 1, 1, 1), 12], [(3, 2, 1), 6], [(3, 3), 2]]
[[(1, 1, 1, 1, 1, 1), 720], [(2, 1, 1, 1, 1), 120], [(2, 2, 1, 1), 24], [(3, 1, 1, 1), 6], [(3, 2, 1), 2]]
[[(1, 1, 1, 1, 1, 1), 720], [(2, 1, 1, 1, 1), 96], [(2, 2, 1, 1), 12], [(3, 1, 1, 1), 6], [(3, 2, 1), 1]]
[[(1, 1, 1, 1, 1, 1), 720], [(2, 1, 1, 1, 1), 72], [(3, 1, 1, 1), 6]]
[[(1, 1, 1, 1, 1, 1), 720], [(2, 1, 1, 1, 1), 120]]
[[(1, 1, 1, 1, 1, 1), 720], [(2, 1, 1, 1, 1), 192], [(2, 2, 1, 1), 48]]
[[(1, 1, 1, 1, 1, 1), 720], [(2, 1, 1, 1, 1), 168], [(2, 2, 1, 1), 36]]
[[(1, 1, 1, 1, 1, 1), 720], [(2, 1, 1, 1, 1), 144], [(2, 2, 1, 1), 24]]
[[(1, 1, 1, 1, 1, 1), 720], [(2, 1, 1, 1, 1), 120], [(2, 2, 1, 1), 12]]
[[(1, 1, 1, 1, 1, 1), 720], [(2, 1, 1, 1, 1), 96]]
[[(1, 1, 1, 1, 1, 1), 720], [(2, 1, 1, 1, 1), 216], [(2, 2, 1, 1), 72], [(2, 2, 2), 36]]
[[(1, 1, 1, 1, 1, 1), 720], [(2, 1, 1, 1, 1), 192], [(2, 2, 1, 1), 56], [(2, 2, 2), 24]]
[[(1, 1, 1, 1, 1, 1), 720], [(2, 1, 1, 1, 1), 168], [(2, 2, 1, 1), 40], [(2, 2, 2), 12]]
[[(1, 1, 1, 1, 1, 1), 720], [(2, 1, 1, 1, 1), 144], [(2, 2, 1, 1), 24]]
[[(1, 1, 1, 1, 1, 1), 720], [(2, 1, 1, 1, 1), 168], [(2, 2, 1, 1), 44], [(2, 2, 2), 18]]
[[(1, 1, 1, 1, 1, 1), 720], [(2, 1, 1, 1, 1), 144], [(2, 2, 1, 1), 28], [(2, 2, 2), 6]]
[[(1, 1, 1, 1, 1, 1), 720], [(2, 1, 1, 1, 1), 168], [(2, 2, 1, 1), 44], [(2, 2, 2), 12]]
[[(1, 1, 1, 1, 1, 1), 720], [(2, 1, 1, 1, 1), 144], [(2, 2, 1, 1), 32], [(2, 2, 2), 12]]
[[(1, 1, 1, 1, 1, 1), 720], [(2, 1, 1, 1, 1), 144], [(2, 2, 1, 1), 28]]
[[(1, 1, 1, 1, 1, 1), 720], [(2, 1, 1, 1, 1), 120], [(2, 2, 1, 1), 16]]
[[(1, 1, 1, 1, 1, 1), 720], [(2, 1, 1, 1, 1), 120], [(2, 2, 1, 1), 16]]
[[(1, 1, 1, 1, 1, 1), 720], [(2, 1, 1, 1, 1), 144], [(2, 2, 1, 1), 32], [(2, 2, 2), 6]]
[[(1, 1, 1, 1, 1, 1), 720], [(2, 1, 1, 1, 1), 120], [(2, 2, 1, 1), 20], [(2, 2, 2), 6]]
[[(1, 1, 1, 1, 1, 1), 720], [(2, 1, 1, 1, 1), 120], [(2, 2, 1, 1), 20]]
[[(1, 1, 1, 1, 1, 1), 720], [(2, 1, 1, 1, 1), 96], [(2, 2, 1, 1), 8]]
[[(1, 1, 1, 1, 1, 1), 720], [(2, 1, 1, 1, 1), 96], [(2, 2, 1, 1), 12]]
[[(1, 1, 1, 1, 1, 1), 720], [(2, 1, 1, 1, 1), 72]]
[[(1, 1, 1, 1, 1, 1), 720], [(2, 1, 1, 1, 1), 120], [(2, 2, 1, 1), 24], [(2, 2, 2), 12]]
[[(1, 1, 1, 1, 1, 1), 720], [(2, 1, 1, 1, 1), 96], [(2, 2, 1, 1), 8]]
[[(1, 1, 1, 1, 1, 1), 720], [(2, 1, 1, 1, 1), 120], [(2, 2, 1, 1), 20]]
[[(1, 1, 1, 1, 1, 1), 720], [(2, 1, 1, 1, 1), 144], [(2, 2, 1, 1), 36], [(2, 2, 2), 12]]
[[(1, 1, 1, 1, 1, 1), 720], [(2, 1, 1, 1, 1), 120], [(2, 2, 1, 1), 24], [(2, 2, 2), 6]]
[[(1, 1, 1, 1, 1, 1), 720], [(2, 1, 1, 1, 1), 96], [(2, 2, 1, 1), 12]]
[[(1, 1, 1, 1, 1, 1), 720], [(2, 1, 1, 1, 1), 96], [(2, 2, 1, 1), 16], [(2, 2, 2), 6]]
[[(1, 1, 1, 1, 1, 1), 720], [(2, 1, 1, 1, 1), 72], [(2, 2, 1, 1), 4]]
[[(1, 1, 1, 1, 1, 1), 720], [(2, 1, 1, 1, 1), 96], [(2, 2, 1, 1), 16]]
[[(1, 1, 1, 1, 1, 1), 720], [(2, 1, 1, 1, 1), 72], [(2, 2, 1, 1), 8]]
[[(1, 1, 1, 1, 1, 1), 720], [(2, 1, 1, 1, 1), 48]]
[[(1, 1, 1, 1, 1, 1), 720], [(2, 1, 1, 1, 1), 72], [(2, 2, 1, 1), 12], [(2, 2, 2), 6]]
[[(1, 1, 1, 1, 1, 1), 720], [(2, 1, 1, 1, 1), 48], [(2, 2, 1, 1), 4]]
[[(1, 1, 1, 1, 1, 1), 720], [(2, 1, 1, 1, 1), 24]]
[[(1, 1, 1, 1, 1, 1), 720]]
