0000000000000000000000000
0100010000000000000000000
0110010000100000000000000
0111010000100001000000000
0111110000100001000010000
0110010100110000000000000
0001000100010001000000000
0101010100010001000000000
0111010100110001000000000
0001100100010001000010000
0101110100010001000010000
0111110100110001000010000
0011000110110001100000000
0111010110110001100000000
0010100110110000100010000
0110110110110000100010000
0011100110110001100010000
0111110110110001100010000
0011100111110001100011000
0111110111110001100011000
0111010110110101110000000
0000100110010100110010000
0100110110010100110010000
0110110110110100110010000
0111110110110101110010000
0111110001100101010011000
0001100101010101010011000
0101110101010101010011000
0111110101110101010011000
0011100111110101110011000
0111110111110101110011000
0111110011100111110011100
0111110111110111110011100
0111110111110111110111110
