0000000000000000000000000000000000000000000000000
0100000100000000000000000000000000000000000000000
0110000100000010000000000000000000000000000000000
0111000100000010000001000000000000000000000000000
0111100100000010000001000000100000000000000000000
0111110100000010000001000000100000010000000000000
0111111100000010000001000000100000010000001000000
0110000101000011000000000000000000000000000000000
0001000001000001000001000000000000000000000000000
0101000101000001000001000000000000000000000000000
0111000101000011000001000000000000000000000000000
0001100001000001000001000000100000000000000000000
0101100101000001000001000000100000000000000000000
0111100101000011000001000000100000000000000000000
0001110001000001000001000000100000010000000000000
0101110101000001000001000000100000010000000000000
0111110101000011000001000000100000010000000000000
0001111001000001000001000000100000010000001000000
0101111101000001000001000000100000010000001000000
0111111101000011000001000000100000010000001000000
0011000001100011000001100000000000000000000000000
0111000101100011000001100000000000000000000000000
0010100001100011000000100000100000000000000000000
0110100101100011000000100000100000000000000000000
0011100001100011000001100000100000000000000000000
0111100101100011000001100000100000000000000000000
0000110001100001000000100000100000010000000000000
0100110101100001000000100000100000010000000000000
0010110001100011000000100000100000010000000000000
0110110101100011000000100000100000010000000000000
0011110001100011000001100000100000010000000000000
0111110101100011000001100000100000010000000000000
0000111001100001000000100000100000010000001000000
0100111101100001000000100000100000010000001000000
0010111001100011000000100000100000010000001000000
0110111101100011000000100000100000010000001000000
0011111001100011000001100000100000010000001000000
0111111101100011000001100000100000010000001000000
0011100001110011000001100000110000000000000000000
0111100101110011000001100000110000000000000000000
0011010001110011000001100000010000010000000000000
0111010101110011000001100000010000010000000000000
0011110001110011000001100000110000010000000000000
0111110101110011000001100000110000010000000000000
0010011001110011000000100000010000010000001000000
0110011101110011000000100000010000010000001000000
0011011001110011000001100000010000010000001000000
0111011101110011000001100000010000010000001000000
0011111001110011000001100000110000010000001000000
0111111101110011000001100000110000010000001000000
0011110001111011000001100000110000011000000000000
0111110101111011000001100000110000011000000000000
0011101001111011000001100000110000001000001000000
0111101101111011000001100000110000001000001000000
0011111001111011000001100000110000011000001000000
0111111101111011000001100000110000011000001000000
0011111001111111000001100000110000011000001100000
0111111101111111000001100000110000011000001100000
0111000101100011010001110000000000000000000000000
0000100001100001010000110000100000000000000000000
0100100101100001010000110000100000000000000000000
0110100101100011010000110000100000000000000000000
0111100101100011010001110000100000000000000000000
0000110001100001010000110000100000010000000000000
0100110101100001010000110000100000010000000000000
0110110101100011010000110000100000010000000000000
0111110101100011010001110000100000010000000000000
0000111001100001010000110000100000010000001000000
0100111101100001010000110000100000010000001000000
0110111101100011010000110000100000010000001000000
0111111101100011010001110000100000010000001000000
0111100100010010010001010000110000000000000000000
0000010000010000010000010000010000010000000000000
0100010100010000010000010000010000010000000000000
0110010100010010010000010000010000010000000000000
0011010000010010010001010000010000010000000000000
0111010100010010010001010000010000010000000000000
0111110100010010010001010000110000010000000000000
0000011000010000010000010000010000010000001000000
0100011100010000010000010000010000010000001000000
0110011100010010010000010000010000010000001000000
0011011000010010010001010000010000010000001000000
0111011100010010010001010000010000010000001000000
0111111100010010010001010000110000010000001000000
0001100001010001010001010000110000000000000000000
0101100101010001010001010000110000000000000000000
0111100101010011010001010000110000000000000000000
0110010101010011010000010000010000010000000000000
0001010001010001010001010000010000010000000000000
0101010101010001010001010000010000010000000000000
0011010001010011010001010000010000010000000000000
0111010101010011010001010000010000010000000000000
0001110001010001010001010000110000010000000000000
0101110101010001010001010000110000010000000000000
0111110101010011010001010000110000010000000000000
0000011001010001010000010000010000010000001000000
0100011101010001010000010000010000010000001000000
0110011101010011010000010000010000010000001000000
0001011001010001010001010000010000010000001000000
0101011101010001010001010000010000010000001000000
0011011001010011010001010000010000010000001000000
0111011101010011010001010000010000010000001000000
0001111001010001010001010000110000010000001000000
0101111101010001010001010000110000010000001000000
0111111101010011010001010000110000010000001000000
0011100001110011010001110000110000000000000000000
0111100101110011010001110000110000000000000000000
0011010001110011010001110000010000010000000000000
0111010101110011010001110000010000010000000000000
0000110001110001010000110000110000010000000000000
0100110101110001010000110000110000010000000000000
0010110001110011010000110000110000010000000000000
0110110101110011010000110000110000010000000000000
0011110001110011010001110000110000010000000000000
0111110101110011010001110000110000010000000000000
0000011001110001010000110000010000010000001000000
0100011101110001010000110000010000010000001000000
0010011001110011010000110000010000010000001000000
0110011101110011010000110000010000010000001000000
0011011001110011010001110000010000010000001000000
0111011101110011010001110000010000010000001000000
0000111001110001010000110000110000010000001000000
0100111101110001010000110000110000010000001000000
0010111001110011010000110000110000010000001000000
0110111101110011010000110000110000010000001000000
0011111001110011010001110000110000010000001000000
0111111101110011010001110000110000010000001000000
0000110000011000010000010000110000011000000000000
0100110100011000010000010000110000011000000000000
0010110000011010010000010000110000011000000000000
0110110100011010010000010000110000011000000000000
0011110000011010010001010000110000011000000000000
0111110100011010010001010000110000011000000000000
0000101000011000010000010000110000001000001000000
0100101100011000010000010000110000001000001000000
0010101000011010010000010000110000001000001000000
0110101100011010010000010000110000001000001000000
0011101000011010010001010000110000001000001000000
0111101100011010010001010000110000001000001000000
0000111000011000010000010000110000011000001000000
0100111100011000010000010000110000011000001000000
0010111000011010010000010000110000011000001000000
0110111100011010010000010000110000011000001000000
0011111000011010010001010000110000011000001000000
0111111100011010010001010000110000011000001000000
0010110001011011010000010000110000011000000000000
0110110101011011010000010000110000011000000000000
0001110001011001010001010000110000011000000000000
0101110101011001010001010000110000011000000000000
0011110001011011010001010000110000011000000000000
0111110101011011010001010000110000011000000000000
0010101001011011010000010000110000001000001000000
0110101101011011010000010000110000001000001000000
0001101001011001010001010000110000001000001000000
0101101101011001010001010000110000001000001000000
0011101001011011010001010000110000001000001000000
0111101101011011010001010000110000001000001000000
0000111001011001010000010000110000011000001000000
0100111101011001010000010000110000011000001000000
0010111001011011010000010000110000011000001000000
0110111101011011010000010000110000011000001000000
0001111001011001010001010000110000011000001000000
0101111101011001010001010000110000011000001000000
0011111001011011010001010000110000011000001000000
0111111101011011010001010000110000011000001000000
0011110001111011010001110000110000011000000000000
0111110101111011010001110000110000011000000000000
0011101001111011010001110000110000001000001000000
0111101101111011010001110000110000001000001000000
0000111001111001010000110000110000011000001000000
0100111101111001010000110000110000011000001000000
0010111001111011010000110000110000011000001000000
0110111101111011010000110000110000011000001000000
0011111001111011010001110000110000011000001000000
0111111101111011010001110000110000011000001000000
0000111000011100010000010000110000011000001100000
0100111100011100010000010000110000011000001100000
0010111000011110010000010000110000011000001100000
0110111100011110010000010000110000011000001100000
0011111000011110010001010000110000011000001100000
0111111100011110010001010000110000011000001100000
0010111001011111010000010000110000011000001100000
0110111101011111010000010000110000011000001100000
0001111001011101010001010000110000011000001100000
0101111101011101010001010000110000011000001100000
0011111001011111010001010000110000011000001100000
0111111101011111010001010000110000011000001100000
0011111001111111010001110000110000011000001100000
0111111101111111010001110000110000011000001100000
0111100100110010011001110000111000000000000000000
0101010100110000011001110000011000010000000000000
0111010100110010011001110000011000010000000000000
0111110100110010011001110000111000010000000000000
0000011000110000011000110000011000010000001000000
0100011100110000011000110000011000010000001000000
0110011100110010011000110000011000010000001000000
0101011100110000011001110000011000010000001000000
0111011100110010011001110000011000010000001000000
0111111100110010011001110000111000010000001000000
0111100101110011011001110000111000000000000000000
0001010001110001011001110000011000010000000000000
0101010101110001011001110000011000010000000000000
0111010101110011011001110000011000010000000000000
0001110001110001011001110000111000010000000000000
0101110101110001011001110000111000010000000000000
0111110101110011011001110000111000010000000000000
0000011001110001011000110000011000010000001000000
0100011101110001011000110000011000010000001000000
0110011101110011011000110000011000010000001000000
0001011001110001011001110000011000010000001000000
0101011101110001011001110000011000010000001000000
0111011101110011011001110000011000010000001000000
0001111001110001011001110000111000010000001000000
0101111101110001011001110000111000010000001000000
0111111101110011011001110000111000010000001000000
0000110000101000011000110000101000011000000000000
0100110100101000011000110000101000011000000000000
0110110100101010011000110000101000011000000000000
0001110000101000011001110000101000011000000000000
0101110100101000011001110000101000011000000000000
0111110100101010011001110000101000011000000000000
0001001000101000011001110000001000001000001000000
0101001100101000011001110000001000001000001000000
0111001100101010011001110000001000001000001000000
0000101000101000011000110000101000001000001000000
0100101100101000011000110000101000001000001000000
0010101000101010011000110000101000001000001000000
0110101100101010011000110000101000001000001000000
0001101000101000011001110000101000001000001000000
0101101100101000011001110000101000001000001000000
0011101000101010011001110000101000001000001000000
0111101100101010011001110000101000001000001000000
0000111000101000011000110000101000011000001000000
0100111100101000011000110000101000011000001000000
0110111100101010011000110000101000011000001000000
0001111000101000011001110000101000011000001000000
0101111100101000011001110000101000011000001000000
0111111100101010011001110000101000011000001000000
0110110101101011011000110000101000011000000000000
0001110001101001011001110000101000011000000000000
0101110101101001011001110000101000011000000000000
0111110101101011011001110000101000011000000000000
0111001101101011011001110000001000001000001000000
0010101001101011011000110000101000001000001000000
0110101101101011011000110000101000001000001000000
0001101001101001011001110000101000001000001000000
0101101101101001011001110000101000001000001000000
0011101001101011011001110000101000001000001000000
0111101101101011011001110000101000001000001000000
0000111001101001011000110000101000011000001000000
0100111101101001011000110000101000011000001000000
0110111101101011011000110000101000011000001000000
0001111001101001011001110000101000011000001000000
0101111101101001011001110000101000011000001000000
0111111101101011011001110000101000011000001000000
0001110000111000011001110000111000011000000000000
0101110100111000011001110000111000011000000000000
0011110000111010011001110000111000011000000000000
0111110100111010011001110000111000011000000000000
0001101000111000011001110000111000001000001000000
0101101100111000011001110000111000001000001000000
0011101000111010011001110000111000001000001000000
0111101100111010011001110000111000001000001000000
0000011000111000011000110000011000011000001000000
0100011100111000011000110000011000011000001000000
0010011000111010011000110000011000011000001000000
0110011100111010011000110000011000011000001000000
0001011000111000011001110000011000011000001000000
0101011100111000011001110000011000011000001000000
0011011000111010011001110000011000011000001000000
0111011100111010011001110000011000011000001000000
0001111000111000011001110000111000011000001000000
0101111100111000011001110000111000011000001000000
0011111000111010011001110000111000011000001000000
0111111100111010011001110000111000011000001000000
0011110001111011011001110000111000011000000000000
0111110101111011011001110000111000011000000000000
0011101001111011011001110000111000001000001000000
0111101101111011011001110000111000001000001000000
0000011001111001011000110000011000011000001000000
0100011101111001011000110000011000011000001000000
0010011001111011011000110000011000011000001000000
0110011101111011011000110000011000011000001000000
0001011001111001011001110000011000011000001000000
0101011101111001011001110000011000011000001000000
0011011001111011011001110000011000011000001000000
0111011101111011011001110000011000011000001000000
0001111001111001011001110000111000011000001000000
0101111101111001011001110000111000011000001000000
0011111001111011011001110000111000011000001000000
0111111101111011011001110000111000011000001000000
0001111000001100011001010000101000011000001100000
0101111100001100011001010000101000011000001100000
0111111100001110011001010000101000011000001100000
0001111001001101011001010000101000011000001100000
0101111101001101011001010000101000011000001100000
0111111101001111011001010000101000011000001100000
0001011000101100011001110000001000011000001100000
0101011100101100011001110000001000011000001100000
0011011000101110011001110000001000011000001100000
0111011100101110011001110000001000011000001100000
0000111000101100011000110000101000011000001100000
0100111100101100011000110000101000011000001100000
0010111000101110011000110000101000011000001100000
0110111100101110011000110000101000011000001100000
0001111000101100011001110000101000011000001100000
0101111100101100011001110000101000011000001100000
0011111000101110011001110000101000011000001100000
0111111100101110011001110000101000011000001100000
0011011001101111011001110000001000011000001100000
0111011101101111011001110000001000011000001100000
0010111001101111011000110000101000011000001100000
0110111101101111011000110000101000011000001100000
0001111001101101011001110000101000011000001100000
0101111101101101011001110000101000011000001100000
0011111001101111011001110000101000011000001100000
0111111101101111011001110000101000011000001100000
0001111000111100011001110000111000011000001100000
0101111100111100011001110000111000011000001100000
0011111000111110011001110000111000011000001100000
0111111100111110011001110000111000011000001100000
0011111001111111011001110000111000011000001100000
0111111101111111011001110000111000011000001100000
0001110000111000011101110000111000011100000000000
0101110100111000011101110000111000011100000000000
0111110100111010011101110000111000011100000000000
0001101000111000011101110000111000001100001000000
0101101100111000011101110000111000001100001000000
0111101100111010011101110000111000001100001000000
0001111000111000011101110000111000011100001000000
0101111100111000011101110000111000011100001000000
0111111100111010011101110000111000011100001000000
0111110101111011011101110000111000011100000000000
0001101001111001011101110000111000001100001000000
0101101101111001011101110000111000001100001000000
0111101101111011011101110000111000001100001000000
0001111001111001011101110000111000011100001000000
0101111101111001011101110000111000011100001000000
0111111101111011011101110000111000011100001000000
0001011000110100011101110000011000010100001100000
0101011100110100011101110000011000010100001100000
0111011100110110011101110000011000010100001100000
0001111000110100011101110000111000010100001100000
0101111100110100011101110000111000010100001100000
0111111100110110011101110000111000010100001100000
0111011101110111011101110000011000010100001100000
0001111001110101011101110000111000010100001100000
0101111101110101011101110000111000010100001100000
0111111101110111011101110000111000010100001100000
0001111000111100011101110000111000011100001100000
0101111100111100011101110000111000011100001100000
0011111000111110011101110000111000011100001100000
0111111100111110011101110000111000011100001100000
0011111001111111011101110000111000011100001100000
0111111101111111011101110000111000011100001100000
0001111000111100011111110000111000011100001110000
0101111100111100011111110000111000011100001110000
0111111100111110011111110000111000011100001110000
0111111101111111011111110000111000011100001110000
0111100101110011011001110100111100000000000000000
0000010001110001011000110100011100010000000000000
0100010101110001011000110100011100010000000000000
0110010101110011011000110100011100010000000000000
0111010101110011011001110100011100010000000000000
0111110101110011011001110100111100010000000000000
0000011001110001011000110100011100010000001000000
0100011101110001011000110100011100010000001000000
0110011101110011011000110100011100010000001000000
0111011101110011011001110100011100010000001000000
0111111101110011011001110100111100010000001000000
0100010100001000011000010100001100011000000000000
0110010100001010011000010100001100011000000000000
0111010100001010011001010100001100011000000000000
0111110100001010011001010100101100011000000000000
0000001000001000011000010100001100001000001000000
0100001100001000011000010100001100001000001000000
0010001000001010011000010100001100001000001000000
0110001100001010011000010100001100001000001000000
0011001000001010011001010100001100001000001000000
0111001100001010011001010100001100001000001000000
0011101000001010011001010100101100001000001000000
0111101100001010011001010100101100001000001000000
0100011100001000011000010100001100011000001000000
0110011100001010011000010100001100011000001000000
0111011100001010011001010100001100011000001000000
0111111100001010011001010100101100011000001000000
0101010101001001011001010100001100011000000000000
0111010101001011011001010100001100011000000000000
0001110001001001011001010100101100011000000000000
0101110101001001011001010100101100011000000000000
0011110001001011011001010100101100011000000000000
0111110101001011011001010100101100011000000000000
0010001001001011011000010100001100001000001000000
0110001101001011011000010100001100001000001000000
0001001001001001011001010100001100001000001000000
0101001101001001011001010100001100001000001000000
0011001001001011011001010100001100001000001000000
0111001101001011011001010100001100001000001000000
0001101001001001011001010100101100001000001000000
0101101101001001011001010100101100001000001000000
0011101001001011011001010100101100001000001000000
0111101101001011011001010100101100001000001000000
0000011001001001011000010100001100011000001000000
0100011101001001011000010100001100011000001000000
0010011001001011011000010100001100011000001000000
0110011101001011011000010100001100011000001000000
0001011001001001011001010100001100011000001000000
0101011101001001011001010100001100011000001000000
0011011001001011011001010100001100011000001000000
0111011101001011011001010100001100011000001000000
0001111001001001011001010100101100011000001000000
0101111101001001011001010100101100011000001000000
0011111001001011011001010100101100011000001000000
0111111101001011011001010100101100011000001000000
0111010101101011011001110100001100011000000000000
0010110001101011011000110100101100011000000000000
0110110101101011011000110100101100011000000000000
0011110001101011011001110100101100011000000000000
0111110101101011011001110100101100011000000000000
0011001001101011011001110100001100001000001000000
0111001101101011011001110100001100001000001000000
0010101001101011011000110100101100001000001000000
0110101101101011011000110100101100001000001000000
0011101001101011011001110100101100001000001000000
0111101101101011011001110100101100001000001000000
0000011001101001011000110100001100011000001000000
0100011101101001011000110100001100011000001000000
0010011001101011011000110100001100011000001000000
0110011101101011011000110100001100011000001000000
0011011001101011011001110100001100011000001000000
0111011101101011011001110100001100011000001000000
0000111001101001011000110100101100011000001000000
0100111101101001011000110100101100011000001000000
0010111001101011011000110100101100011000001000000
0110111101101011011000110100101100011000001000000
0011111001101011011001110100101100011000001000000
0111111101101011011001110100101100011000001000000
0011110001111011011001110100111100011000000000000
0111110101111011011001110100111100011000000000000
0011101001111011011001110100111100001000001000000
0111101101111011011001110100111100001000001000000
0000011001111001011000110100011100011000001000000
0100011101111001011000110100011100011000001000000
0010011001111011011000110100011100011000001000000
0110011101111011011000110100011100011000001000000
0011011001111011011001110100011100011000001000000
0111011101111011011001110100011100011000001000000
0011111001111011011001110100111100011000001000000
0111111101111011011001110100111100011000001000000
0000011000001100011000010100001100011000001100000
0100011100001100011000010100001100011000001100000
0010011000001110011000010100001100011000001100000
0110011100001110011000010100001100011000001100000
0011011000001110011001010100001100011000001100000
0111011100001110011001010100001100011000001100000
0011111000001110011001010100101100011000001100000
0111111100001110011001010100101100011000001100000
0010011001001111011000010100001100011000001100000
0110011101001111011000010100001100011000001100000
0001011001001101011001010100001100011000001100000
0101011101001101011001010100001100011000001100000
0011011001001111011001010100001100011000001100000
0111011101001111011001010100001100011000001100000
0001111001001101011001010100101100011000001100000
0101111101001101011001010100101100011000001100000
0011111001001111011001010100101100011000001100000
0111111101001111011001010100101100011000001100000
0011011001101111011001110100001100011000001100000
0111011101101111011001110100001100011000001100000
0010111001101111011000110100101100011000001100000
0110111101101111011000110100101100011000001100000
0011111001101111011001110100101100011000001100000
0111111101101111011001110100101100011000001100000
0011111001111111011001110100111100011000001100000
0111111101111111011001110100111100011000001100000
0011110001111011000101100100110100011100000000000
0111110101111011000101100100110100011100000000000
0000001001111001000100100100010100001100001000000
0100001101111001000100100100010100001100001000000
0010001001111011000100100100010100001100001000000
0110001101111011000100100100010100001100001000000
0011001001111011000101100100010100001100001000000
0111001101111011000101100100010100001100001000000
0001101001111001000101100100110100001100001000000
0101101101111001000101100100110100001100001000000
0011101001111011000101100100110100001100001000000
0111101101111011000101100100110100001100001000000
0011111001111011000101100100110100011100001000000
0111111101111011000101100100110100011100001000000
0111111100000110000101000100100100010100001100000
0000011001000101000100000100000100010100001100000
0100011101000101000100000100000100010100001100000
0110011101000111000100000100000100010100001100000
0001011001000101000101000100000100010100001100000
0101011101000101000101000100000100010100001100000
0111011101000111000101000100000100010100001100000
0001111001000101000101000100100100010100001100000
0101111101000101000101000100100100010100001100000
0111111101000111000101000100100100010100001100000
0010101001100111000100100100100100000100001100000
0110101101100111000100100100100100000100001100000
0001101001100101000101100100100100000100001100000
0101101101100101000101100100100100000100001100000
0011101001100111000101100100100100000100001100000
0111101101100111000101100100100100000100001100000
0000111001100101000100100100100100010100001100000
0100111101100101000100100100100100010100001100000
0010111001100111000100100100100100010100001100000
0110111101100111000100100100100100010100001100000
0011111001100111000101100100100100010100001100000
0111111101100111000101100100100100010100001100000
0001101000110100000101100100110100000100001100000
0101101100110100000101100100110100000100001100000
0011101000110110000101100100110100000100001100000
0111101100110110000101100100110100000100001100000
0010011000110110000100100100010100010100001100000
0110011100110110000100100100010100010100001100000
0011011000110110000101100100010100010100001100000
0111011100110110000101100100010100010100001100000
0011111000110110000101100100110100010100001100000
0111111100110110000101100100110100010100001100000
0011101001110111000101100100110100000100001100000
0111101101110111000101100100110100000100001100000
0011011001110111000101100100010100010100001100000
0111011101110111000101100100010100010100001100000
0001111001110101000101100100110100010100001100000
0101111101110101000101100100110100010100001100000
0011111001110111000101100100110100010100001100000
0111111101110111000101100100110100010100001100000
0011111001111111000101100100110100011100001100000
0111111101111111000101100100110100011100001100000
0111110100011010010101010100110100011100000000000
0011001000011010010101010100010100001100001000000
0111001100011010010101010100010100001100001000000
0101101100011000010101010100110100001100001000000
0111101100011010010101010100110100001100001000000
0111111100011010010101010100110100011100001000000
0001110001011001010101010100110100011100000000000
0101110101011001010101010100110100011100000000000
0111110101011011010101010100110100011100000000000
0011001001011011010101010100010100001100001000000
0111001101011011010101010100010100001100001000000
0001101001011001010101010100110100001100001000000
0101101101011001010101010100110100001100001000000
0111101101011011010101010100110100001100001000000
0000011001011001010100010100010100011100001000000
0100011101011001010100010100010100011100001000000
0110011101011011010100010100010100011100001000000
0001011001011001010101010100010100011100001000000
0101011101011001010101010100010100011100001000000
0011011001011011010101010100010100011100001000000
0111011101011011010101010100010100011100001000000
0001111001011001010101010100110100011100001000000
0101111101011001010101010100110100011100001000000
0111111101011011010101010100110100011100001000000
0011110001111011010101110100110100011100000000000
0111110101111011010101110100110100011100000000000
0011001001111011010101110100010100001100001000000
0111001101111011010101110100010100001100001000000
0000101001111001010100110100110100001100001000000
0100101101111001010100110100110100001100001000000
0010101001111011010100110100110100001100001000000
0110101101111011010100110100110100001100001000000
0001101001111001010101110100110100001100001000000
0101101101111001010101110100110100001100001000000
0011101001111011010101110100110100001100001000000
0111101101111011010101110100110100001100001000000
0000111001111001010100110100110100011100001000000
0100111101111001010100110100110100011100001000000
0010111001111011010100110100110100011100001000000
0110111101111011010100110100110100011100001000000
0011111001111011010101110100110100011100001000000
0111111101111011010101110100110100011100001000000
0000111001100101010100110100100100010100001100000
0100111101100101010100110100100100010100001100000
0110111101100111010100110100100100010100001100000
0111111101100111010101110100100100010100001100000
0000011000010100010100010100010100010100001100000
0100011100010100010100010100010100010100001100000
0110011100010110010100010100010100010100001100000
0001011000010100010101010100010100010100001100000
0101011100010100010101010100010100010100001100000
0011011000010110010101010100010100010100001100000
0111011100010110010101010100010100010100001100000
0001111000010100010101010100110100010100001100000
0101111100010100010101010100110100010100001100000
0111111100010110010101010100110100010100001100000
0110011101010111010100010100010100010100001100000
0001011001010101010101010100010100010100001100000
0101011101010101010101010100010100010100001100000
0011011001010111010101010100010100010100001100000
0111011101010111010101010100010100010100001100000
0001111001010101010101010100110100010100001100000
0101111101010101010101010100110100010100001100000
0111111101010111010101010100110100010100001100000
0001101000110100010101110100110100000100001100000
0101101100110100010101110100110100000100001100000
0011101000110110010101110100110100000100001100000
0111101100110110010101110100110100000100001100000
0010011000110110010100110100010100010100001100000
0110011100110110010100110100010100010100001100000
0011011000110110010101110100010100010100001100000
0111011100110110010101110100010100010100001100000
0000111000110100010100110100110100010100001100000
0100111100110100010100110100110100010100001100000
0010111000110110010100110100110100010100001100000
0110111100110110010100110100110100010100001100000
0001111000110100010101110100110100010100001100000
0101111100110100010101110100110100010100001100000
0011111000110110010101110100110100010100001100000
0111111100110110010101110100110100010100001100000
0011101001110111010101110100110100000100001100000
0111101101110111010101110100110100000100001100000
0011011001110111010101110100010100010100001100000
0111011101110111010101110100010100010100001100000
0000111001110101010100110100110100010100001100000
0100111101110101010100110100110100010100001100000
0010111001110111010100110100110100010100001100000
0110111101110111010100110100110100010100001100000
0001111001110101010101110100110100010100001100000
0101111101110101010101110100110100010100001100000
0011111001110111010101110100110100010100001100000
0111111101110111010101110100110100010100001100000
0000111000011100010100010100110100011100001100000
0100111100011100010100010100110100011100001100000
0010111000011110010100010100110100011100001100000
0110111100011110010100010100110100011100001100000
0011111000011110010101010100110100011100001100000
0111111100011110010101010100110100011100001100000
0010111001011111010100010100110100011100001100000
0110111101011111010100010100110100011100001100000
0001111001011101010101010100110100011100001100000
0101111101011101010101010100110100011100001100000
0011111001011111010101010100110100011100001100000
0111111101011111010101010100110100011100001100000
0011111001111111010101110100110100011100001100000
0111111101111111010101110100110100011100001100000
0101110100111000011101110100111100011100000000000
0111110100111010011101110100111100011100000000000
0001101000111000011101110100111100001100001000000
0101101100111000011101110100111100001100001000000
0111101100111010011101110100111100001100001000000
0000011000111000011100110100011100011100001000000
0100011100111000011100110100011100011100001000000
0110011100111010011100110100011100011100001000000
0001011000111000011101110100011100011100001000000
0101011100111000011101110100011100011100001000000
0111011100111010011101110100011100011100001000000
0001111000111000011101110100111100011100001000000
0101111100111000011101110100111100011100001000000
0111111100111010011101110100111100011100001000000
0111110101111011011101110100111100011100000000000
0001101001111001011101110100111100001100001000000
0101101101111001011101110100111100001100001000000
0111101101111011011101110100111100001100001000000
0000011001111001011100110100011100011100001000000
0100011101111001011100110100011100011100001000000
0110011101111011011100110100011100011100001000000
0001011001111001011101110100011100011100001000000
0101011101111001011101110100011100011100001000000
0111011101111011011101110100011100011100001000000
0001111001111001011101110100111100011100001000000
0101111101111001011101110100111100011100001000000
0111111101111011011101110100111100011100001000000
0000011000110100011100110100011100010100001100000
0100011100110100011100110100011100010100001100000
0110011100110110011100110100011100010100001100000
0001011000110100011101110100011100010100001100000
0101011100110100011101110100011100010100001100000
0111011100110110011101110100011100010100001100000
0001111000110100011101110100111100010100001100000
0101111100110100011101110100111100010100001100000
0111111100110110011101110100111100010100001100000
0000011001110101011100110100011100010100001100000
0100011101110101011100110100011100010100001100000
0110011101110111011100110100011100010100001100000
0001011001110101011101110100011100010100001100000
0101011101110101011101110100011100010100001100000
0111011101110111011101110100011100010100001100000
0001111001110101011101110100111100010100001100000
0101111101110101011101110100111100010100001100000
0111111101110111011101110100111100010100001100000
0100011100001100011100010100001100011100001100000
0010011000001110011100010100001100011100001100000
0110011100001110011100010100001100011100001100000
0001011000001100011101010100001100011100001100000
0101011100001100011101010100001100011100001100000
0011011000001110011101010100001100011100001100000
0111011100001110011101010100001100011100001100000
0001111000001100011101010100101100011100001100000
0101111100001100011101010100101100011100001100000
0011111000001110011101010100101100011100001100000
0111111100001110011101010100101100011100001100000
0010011001001111011100010100001100011100001100000
0110011101001111011100010100001100011100001100000
0001011001001101011101010100001100011100001100000
0101011101001101011101010100001100011100001100000
0011011001001111011101010100001100011100001100000
0111011101001111011101010100001100011100001100000
0001111001001101011101010100101100011100001100000
0101111101001101011101010100101100011100001100000
0011111001001111011101010100101100011100001100000
0111111101001111011101010100101100011100001100000
0001011000101100011101110100001100011100001100000
0101011100101100011101110100001100011100001100000
0011011000101110011101110100001100011100001100000
0111011100101110011101110100001100011100001100000
0000111000101100011100110100101100011100001100000
0100111100101100011100110100101100011100001100000
0010111000101110011100110100101100011100001100000
0110111100101110011100110100101100011100001100000
0001111000101100011101110100101100011100001100000
0101111100101100011101110100101100011100001100000
0011111000101110011101110100101100011100001100000
0111111100101110011101110100101100011100001100000
0011011001101111011101110100001100011100001100000
0111011101101111011101110100001100011100001100000
0010111001101111011100110100101100011100001100000
0110111101101111011100110100101100011100001100000
0001111001101101011101110100101100011100001100000
0101111101101101011101110100101100011100001100000
0011111001101111011101110100101100011100001100000
0111111101101111011101110100101100011100001100000
0001111000111100011101110100111100011100001100000
0101111100111100011101110100111100011100001100000
0011111000111110011101110100111100011100001100000
0111111100111110011101110100111100011100001100000
0011111001111111011101110100111100011100001100000
0111111101111111011101110100111100011100001100000
0110011100001110000110000100000100011100001110000
0111011100001110000111000100000100011100001110000
0111111100001110000111000100100100011100001110000
0110011101001111000110000100000100011100001110000
0101011101001101000111000100000100011100001110000
0111011101001111000111000100000100011100001110000
0001111001001101000111000100100100011100001110000
0101111101001101000111000100100100011100001110000
0111111101001111000111000100100100011100001110000
0111011100101110000111100100000100011100001110000
0100111100101100000110100100100100011100001110000
0010111000101110000110100100100100011100001110000
0110111100101110000110100100100100011100001110000
0101111100101100000111100100100100011100001110000
0011111000101110000111100100100100011100001110000
0111111100101110000111100100100100011100001110000
0011011001101111000111100100000100011100001110000
0111011101101111000111100100000100011100001110000
0010111001101111000110100100100100011100001110000
0110111101101111000110100100100100011100001110000
0001111001101101000111100100100100011100001110000
0101111101101101000111100100100100011100001110000
0011111001101111000111100100100100011100001110000
0111111101101111000111100100100100011100001110000
0001111000111100000111100100110100011100001110000
0101111100111100000111100100110100011100001110000
0011111000111110000111100100110100011100001110000
0111111100111110000111100100110100011100001110000
0011111001111111000111100100110100011100001110000
0111111101111111000111100100110100011100001110000
0111011100101110010111110100000100011100001110000
0000111000101100010110110100100100011100001110000
0100111100101100010110110100100100011100001110000
0110111100101110010110110100100100011100001110000
0001111000101100010111110100100100011100001110000
0101111100101100010111110100100100011100001110000
0111111100101110010111110100100100011100001110000
0111011101101111010111110100000100011100001110000
0000111001101101010110110100100100011100001110000
0100111101101101010110110100100100011100001110000
0110111101101111010110110100100100011100001110000
0001111001101101010111110100100100011100001110000
0101111101101101010111110100100100011100001110000
0111111101101111010111110100100100011100001110000
0001111000011100010111010100110100011100001110000
0101111100011100010111010100110100011100001110000
0111111100011110010111010100110100011100001110000
0001111001011101010111010100110100011100001110000
0101111101011101010111010100110100011100001110000
0111111101011111010111010100110100011100001110000
0001111000111100010111110100110100011100001110000
0101111100111100010111110100110100011100001110000
0011111000111110010111110100110100011100001110000
0111111100111110010111110100110100011100001110000
0011111001111111010111110100110100011100001110000
0111111101111111010111110100110100011100001110000
0001111000111100011111110100111100011100001110000
0101111100111100011111110100111100011100001110000
0111111100111110011111110100111100011100001110000
0111111101111111011111110100111100011100001110000
0011110001111011001101100110111100011110000000000
0111110101111011001101100110111100011110000000000
0010101001111011001100100110111100001110001000000
0110101101111011001100100110111100001110001000000
0011101001111011001101100110111100001110001000000
0111101101111011001101100110111100001110001000000
0011111001111011001101100110111100011110001000000
0111111101111011001101100110111100011110001000000
0110101101010111001100000110111100000110001100000
0001101001010101001101000110111100000110001100000
0101101101010101001101000110111100000110001100000
0011101001010111001101000110111100000110001100000
0111101101010111001101000110111100000110001100000
0001011001010101001101000110011100010110001100000
0101011101010101001101000110011100010110001100000
0011011001010111001101000110011100010110001100000
0111011101010111001101000110011100010110001100000
0011111001010111001101000110111100010110001100000
0111111101010111001101000110111100010110001100000
0011101001110111001101100110111100000110001100000
0111101101110111001101100110111100000110001100000
0011011001110111001101100110011100010110001100000
0111011101110111001101100110011100010110001100000
0010111001110111001100100110111100010110001100000
0110111101110111001100100110111100010110001100000
0011111001110111001101100110111100010110001100000
0111111101110111001101100110111100010110001100000
0011111001111111001101100110111100011110001100000
0111111101111111001101100110111100011110001100000
0111110101111011011101110110111100011110000000000
0000101001111001011100110110111100001110001000000
0100101101111001011100110110111100001110001000000
0110101101111011011100110110111100001110001000000
0111101101111011011101110110111100001110001000000
0000111001111001011100110110111100011110001000000
0100111101111001011100110110111100011110001000000
0110111101111011011100110110111100011110001000000
0111111101111011011101110110111100011110001000000
0100101100010100011100010110111100000110001100000
0110101100010110011100010110111100000110001100000
0111101100010110011101010110111100000110001100000
0100011100010100011100010110011100010110001100000
0010011000010110011100010110011100010110001100000
0110011100010110011100010110011100010110001100000
0011011000010110011101010110011100010110001100000
0111011100010110011101010110011100010110001100000
0100111100010100011100010110111100010110001100000
0010111000010110011100010110111100010110001100000
0110111100010110011100010110111100010110001100000
0011111000010110011101010110111100010110001100000
0111111100010110011101010110111100010110001100000
0101101101010101011101010110111100000110001100000
0111101101010111011101010110111100000110001100000
0010011001010111011100010110011100010110001100000
0110011101010111011100010110011100010110001100000
0001011001010101011101010110011100010110001100000
0101011101010101011101010110011100010110001100000
0011011001010111011101010110011100010110001100000
0111011101010111011101010110011100010110001100000
0000111001010101011100010110111100010110001100000
0100111101010101011100010110111100010110001100000
0010111001010111011100010110111100010110001100000
0110111101010111011100010110111100010110001100000
0001111001010101011101010110111100010110001100000
0101111101010101011101010110111100010110001100000
0011111001010111011101010110111100010110001100000
0111111101010111011101010110111100010110001100000
0111101101110111011101110110111100000110001100000
0011011001110111011101110110011100010110001100000
0111011101110111011101110110011100010110001100000
0000111001110101011100110110111100010110001100000
0100111101110101011100110110111100010110001100000
0010111001110111011100110110111100010110001100000
0110111101110111011100110110111100010110001100000
0011111001110111011101110110111100010110001100000
0111111101110111011101110110111100010110001100000
0100111100011100011100010110111100011110001100000
0010111000011110011100010110111100011110001100000
0110111100011110011100010110111100011110001100000
0011111000011110011101010110111100011110001100000
0111111100011110011101010110111100011110001100000
0010111001011111011100010110111100011110001100000
0110111101011111011100010110111100011110001100000
0001111001011101011101010110111100011110001100000
0101111101011101011101010110111100011110001100000
0011111001011111011101010110111100011110001100000
0111111101011111011101010110111100011110001100000
0011111001111111011101110110111100011110001100000
0111111101111111011101110110111100011110001100000
0111111100001110001011000110101100011010001110000
0110111101001111001010000110101100011010001110000
0001111001001101001011000110101100011010001110000
0101111101001101001011000110101100011010001110000
0111111101001111001011000110101100011010001110000
0000111001101101001010100110101100011010001110000
0100111101101101001010100110101100011010001110000
0010111001101111001010100110101100011010001110000
0110111101101111001010100110101100011010001110000
0011111001101111001011100110101100011010001110000
0111111101101111001011100110101100011010001110000
0111111100011110001011000110111100011010001110000
0110111101011111001010000110111100011010001110000
0001111001011101001011000110111100011010001110000
0101111101011101001011000110111100011010001110000
0011111001011111001011000110111100011010001110000
0111111101011111001011000110111100011010001110000
0011111001111111001011100110111100011010001110000
0111111101111111001011100110111100011010001110000
0000111001101101011010110110101100011010001110000
0100111101101101011010110110101100011010001110000
0110111101101111011010110110101100011010001110000
0111111101101111011011110110101100011010001110000
0100111100011100011010010110111100011010001110000
0010111000011110011010010110111100011010001110000
0110111100011110011010010110111100011010001110000
0011111000011110011011010110111100011010001110000
0111111100011110011011010110111100011010001110000
0010111001011111011010010110111100011010001110000
0110111101011111011010010110111100011010001110000
0001111001011101011011010110111100011010001110000
0101111101011101011011010110111100011010001110000
0011111001011111011011010110111100011010001110000
0111111101011111011011010110111100011010001110000
0011111001111111011011110110111100011010001110000
0111111101111111011011110110111100011010001110000
0111111100011110001111000110111100011110001110000
0110111101011111001110000110111100011110001110000
0001111001011101001111000110111100011110001110000
0101111101011101001111000110111100011110001110000
0111111101011111001111000110111100011110001110000
0001111000111100001111100110111100011110001110000
0101111100111100001111100110111100011110001110000
0011111000111110001111100110111100011110001110000
0111111100111110001111100110111100011110001110000
0011111001111111001111100110111100011110001110000
0111111101111111001111100110111100011110001110000
0001111000111100011111110110111100011110001110000
0101111100111100011111110110111100011110001110000
0111111100111110011111110110111100011110001110000
0111111101111111011111110110111100011110001110000
0111111100011110001111000111111100011110001111000
0110111101011111001110000111111100011110001111000
0001111001011101001111000111111100011110001111000
0101111101011101001111000111111100011110001111000
0111111101011111001111000111111100011110001111000
0011111001111111001111100111111100011110001111000
0111111101111111001111100111111100011110001111000
0111111101111111011111110111111100011110001111000
0111110101111011011101110110111101011111000000000
0000001001111001011100110110011101001111001000000
0100001101111001011100110110011101001111001000000
0110001101111011011100110110011101001111001000000
0111001101111011011101110110011101001111001000000
0111101101111011011101110110111101001111001000000
0111111101111011011101110110111101011111001000000
0100001100000100011100010110001101000111001100000
0110001100000110011100010110001101000111001100000
0111001100000110011101010110001101000111001100000
0111101100000110011101010110101101000111001100000
0111111100000110011101010110101101010111001100000
0110001101000111011100010110001101000111001100000
0101001101000101011101010110001101000111001100000
0111001101000111011101010110001101000111001100000
0101101101000101011101010110101101000111001100000
0111101101000111011101010110101101000111001100000
0001111001000101011101010110101101010111001100000
0101111101000101011101010110101101010111001100000
0011111001000111011101010110101101010111001100000
0111111101000111011101010110101101010111001100000
0111001101100111011101110110001101000111001100000
0110101101100111011100110110101101000111001100000
0111101101100111011101110110101101000111001100000
0000111001100101011100110110101101010111001100000
0100111101100101011100110110101101010111001100000
0010111001100111011100110110101101010111001100000
0110111101100111011100110110101101010111001100000
0011111001100111011101110110101101010111001100000
0111111101100111011101110110101101010111001100000
0111101101110111011101110110111101000111001100000
0011011001110111011101110110011101010111001100000
0111011101110111011101110110011101010111001100000
0011111001110111011101110110111101010111001100000
0111111101110111011101110110111101010111001100000
0011111001111111011101110110111101011111001100000
0111111101111111011101110110111101011111001100000
0111111101000111000011000110100101010011001110000
0010111001100111000010100110100101010011001110000
0110111101100111000010100110100101010011001110000
0111111101100111000011100110100101010011001110000
0011011001110111000011100110010101010011001110000
0111011101110111000011100110010101010011001110000
0011111001110111000011100110110101010011001110000
0111111101110111000011100110110101010011001110000
0011111001111111000011100110110101011011001110000
0111111101111111000011100110110101011011001110000
0110011101010111010010010110010101010011001110000
0011011001010111010011010110010101010011001110000
0111011101010111010011010110010101010011001110000
0111111101010111010011010110110101010011001110000
0011011001110111010011110110010101010011001110000
0111011101110111010011110110010101010011001110000
0010111001110111010010110110110101010011001110000
0110111101110111010010110110110101010011001110000
0111111101110111010011110110110101010011001110000
0110111100011110010010010110110101011011001110000
0111111100011110010011010110110101011011001110000
0110111101011111010010010110110101011011001110000
0001111001011101010011010110110101011011001110000
0101111101011101010011010110110101011011001110000
0011111001011111010011010110110101011011001110000
0111111101011111010011010110110101011011001110000
0111111100111110010011110110110101011011001110000
0011111001111111010011110110110101011011001110000
0111111101111111010011110110110101011011001110000
0101011101110101011011110110011101010011001110000
0111011101110111011011110110011101010011001110000
0111111101110111011011110110111101010011001110000
0100111100101100011010110110101101011011001110000
0110111100101110011010110110101101011011001110000
0101111100101100011011110110101101011011001110000
0111111100101110011011110110101101011011001110000
0110111101101111011010110110101101011011001110000
0001111001101101011011110110101101011011001110000
0101111101101101011011110110101101011011001110000
0111111101101111011011110110101101011011001110000
0101111100111100011011110110111101011011001110000
0011111000111110011011110110111101011011001110000
0111111100111110011011110110111101011011001110000
0011111001111111011011110110111101011011001110000
0111111101111111011011110110111101011011001110000
0101111100111100011111110110111101011111001110000
0111111100111110011111110110111101011111001110000
0111111101111111011111110110111101011111001110000
0101111100111100011111110001111001011101001111000
0111111100111110011111110001111001011101001111000
0111111101111111011111110001111001011101001111000
0011111001111111000111100101110101011101001111000
0111111101111111000111100101110101011101001111000
0111111100011110010111010101110101011101001111000
0001111001011101010111010101110101011101001111000
0101111101011101010111010101110101011101001111000
0111111101011111010111010101110101011101001111000
0011111001111111010111110101110101011101001111000
0111111101111111010111110101110101011101001111000
0101111100111100011111110101111101011101001111000
0111111100111110011111110101111101011101001111000
0111111101111111011111110101111101011101001111000
0111111101011111001111000111111101011111001111000
0011111001111111001111100111111101011111001111000
0111111101111111001111100111111101011111001111000
0111111101111111011111110111111101011111001111000
0111111100111110011111110011111001111111001111100
0111111101111111011111110011111001111111001111100
0111111101111111011111110111111101111111001111100
0111111101111111011111110111111101111111011111110
