000000000000000000000000000000000000
010000100000000000000000000000000000
011000100000100000000000000000000000
011100100000100000100000000000000000
011110100000100000100000100000000000
011111100000100000100000100000100000
011000101000110000000000000000000000
000100001000010000100000000000000000
010100101000010000100000000000000000
011100101000110000100000000000000000
000110001000010000100000100000000000
010110101000010000100000100000000000
011110101000110000100000100000000000
000111001000010000100000100000100000
010111101000010000100000100000100000
011111101000110000100000100000100000
001100001100110000110000000000000000
011100101100110000110000000000000000
001010001100110000010000100000000000
011010101100110000010000100000000000
001110001100110000110000100000000000
011110101100110000110000100000000000
000011001100010000010000100000100000
010011101100010000010000100000100000
001011001100110000010000100000100000
011011101100110000010000100000100000
001111001100110000110000100000100000
011111101100110000110000100000100000
001110001110110000110000110000000000
011110101110110000110000110000000000
001101001110110000110000010000100000
011101101110110000110000010000100000
001111001110110000110000110000100000
011111101110110000110000110000100000
001111001111110000110000110000110000
011111101111110000110000110000110000
011100101100110100111000000000000000
000010001100010100011000100000000000
010010101100010100011000100000000000
011010101100110100011000100000000000
011110101100110100111000100000000000
000011001100010100011000100000100000
010011101100010100011000100000100000
011011101100110100011000100000100000
011111101100110100111000100000100000
011110100010100100101000110000000000
000001000010000100001000010000100000
010001100010000100001000010000100000
011001100010100100001000010000100000
001101000010100100101000010000100000
011101100010100100101000010000100000
011111100010100100101000110000100000
000110001010010100101000110000000000
010110101010010100101000110000000000
011110101010110100101000110000000000
011001101010110100001000010000100000
000101001010010100101000010000100000
010101101010010100101000010000100000
001101001010110100101000010000100000
011101101010110100101000010000100000
000111001010010100101000110000100000
010111101010010100101000110000100000
011111101010110100101000110000100000
001110001110110100111000110000000000
011110101110110100111000110000000000
001101001110110100111000010000100000
011101101110110100111000010000100000
000011001110010100011000110000100000
010011101110010100011000110000100000
001011001110110100011000110000100000
011011101110110100011000110000100000
001111001110110100111000110000100000
011111101110110100111000110000100000
000011000011000100001000110000110000
010011100011000100001000110000110000
001011000011100100001000110000110000
011011100011100100001000110000110000
001111000011100100101000110000110000
011111100011100100101000110000110000
001011001011110100001000110000110000
011011101011110100001000110000110000
000111001011010100101000110000110000
010111101011010100101000110000110000
001111001011110100101000110000110000
011111101011110100101000110000110000
001111001111110100111000110000110000
011111101111110100111000110000110000
011110100110100110111000111000000000
010101100110000110111000011000100000
011101100110100110111000011000100000
011111100110100110111000111000100000
011110101110110110111000111000000000
000101001110010110111000011000100000
010101101110010110111000011000100000
011101101110110110111000011000100000
000111001110010110111000111000100000
010111101110010110111000111000100000
011111101110110110111000111000100000
000011000101000110011000101000110000
010011100101000110011000101000110000
011011100101100110011000101000110000
000111000101000110111000101000110000
010111100101000110111000101000110000
011111100101100110111000101000110000
011011101101110110011000101000110000
000111001101010110111000101000110000
010111101101010110111000101000110000
011111101101110110111000101000110000
000111000111000110111000111000110000
010111100111000110111000111000110000
001111000111100110111000111000110000
011111100111100110111000111000110000
001111001111110110111000111000110000
011111101111110110111000111000110000
000111000111000111111000111000111000
010111100111000111111000111000111000
011111100111100111111000111000111000
011111101111110111111000111000111000
011110101110110110111010111100000000
000001001110010110011010011100100000
010001101110010110011010011100100000
011001101110110110011010011100100000
011101101110110110111010011100100000
011111101110110110111010111100100000
010001100001000110001010001100110000
011001100001100110001010001100110000
011101100001100110101010001100110000
011111100001100110101010101100110000
010101101001010110101010001100110000
011101101001110110101010001100110000
000111001001010110101010101100110000
010111101001010110101010101100110000
001111001001110110101010101100110000
011111101001110110101010101100110000
011101101101110110111010001100110000
001011001101110110011010101100110000
011011101101110110011010101100110000
001111001101110110111010101100110000
011111101101110110111010101100110000
001111001111110110111010111100110000
011111101111110110111010111100110000
001111001111110001110010110100111000
011111101111110001110010110100111000
011111100011100101101010110100111000
000111001011010101101010110100111000
010111101011010101101010110100111000
011111101011110101101010110100111000
001111001111110101111010110100111000
011111101111110101111010110100111000
010111100111000111111010111100111000
011111100111100111111010111100111000
011111101111110111111010111100111000
001111001111110011110011111100111100
011111101111110011110011111100111100
011111101111110111111011111100111100
011111101111110111111011111101111110
