61 71
76 87
107 110
119 122
131 190
132 146
138 152
180 182
362 373
378 477
379 393
391 414
398 479
401 420
417 531
418 476
419 480
423 484
426 483
426 516
430 486
432 485
436 488
437 539
453 683
454 458
454 563
456 598
458 563
460 600
462 602
466 468
466 614
468 614
483 516
496 532
497 500
517 542
518 557
520 522
525 574
528 576
583 587
606 613
628 630
639 693
652 656
652 694
653 657
656 694
671 701
672 702
672 716
679 717
680 718
690 704
691 797
699 708
699 803
702 716
705 743
708 803
712 805
724 813
736 791
737 746
740 798
755 770
756 807
756 809
758 772
771 811
807 809
834 843
852 881
854 882
861 886
863 888
869 871
872 893
905 907
940 948
946 949
947 974
952 976
953 958
953 977
955 959
955 979
958 977
959 979
960 981
962 980
966 967
966 983
967 983
968 994
970 1000
972 1002
972 1005
984 985
986 988
987 989
995 997
995 1003
996 1006
997 1003
998 1007
999 1004
1001 1010
1002 1005
1015 1027
1016 1026
1017 1023
1018 1024
1020 1032
1022 1029
